Freq=50;
Vampl=325;
w=2*pi*Freq;
Rs=2;
R1r=1.7;
Lls=0.008;
Lm=0.46;
L1lr=0.012;
J=0.030;
P=2;
Bm=0.02;